DAYS = 10
TRUCK_CAPACITY = 15
TRUCK_MAX_DISTANCE = 2000

TRUCK_DISTANCE_COST = 10
TRUCK_DAY_COST = 100
TRUCK_COST = 100000
TECHNICIAN_DISTANCE_COST = 100
TECHNICIAN_DAY_COST = 100
TECHNICIAN_COST = 10

MACHINES = 2
1 6 343
2 5 887

LOCATIONS = 54
1 699 335
2 473 376
3 546 621
4 309 257
5 264 502
6 233 333
7 319 482
8 543 163
9 287 547
10 284 625
11 395 567
12 477 667
13 384 348
14 264 379
15 468 211
16 386 377
17 339 238
18 181 371
19 534 54
20 340 388
21 595 737
22 423 239
23 470 369
24 154 349
25 345 430
26 605 532
27 486 1
28 425 413
29 403 479
30 426 422
31 575 345
32 315 465
33 333 509
34 501 76
35 49 161
36 293 594
37 521 285
38 234 377
39 667 534
40 393 481
41 510 303
42 213 377
43 269 318
44 312 458
45 471 368
46 574 174
47 616 393
48 339 386
49 352 370
50 507 78
51 176 365
52 566 256
53 323 509
54 347 368

REQUESTS = 150
1 8 1 6 1 1
2 46 1 2 1 1
3 12 1 3 1 2
4 29 1 3 1 1
5 33 1 6 1 2
6 18 1 4 2 2
7 12 1 6 1 2
8 22 1 4 1 1
9 13 1 5 1 2
10 4 1 3 1 1
11 22 1 3 1 1
12 20 1 4 1 2
13 24 1 5 1 2
14 14 1 5 1 1
15 16 1 2 2 1
16 28 1 6 2 1
17 41 1 4 2 1
18 30 1 5 1 1
19 39 1 3 2 1
20 23 1 5 2 2
21 45 1 6 1 1
22 13 1 2 2 2
23 15 1 5 1 2
24 26 1 4 1 2
25 30 1 6 1 1
26 19 1 5 2 3
27 18 1 4 2 3
28 22 1 6 2 2
29 8 1 4 2 1
30 13 1 2 1 1
31 46 1 4 1 1
32 30 1 2 1 1
33 19 1 3 1 2
34 4 1 4 2 2
35 2 1 4 1 2
36 17 2 4 1 1
37 44 2 5 1 1
38 39 2 6 1 1
39 43 2 5 1 2
40 27 2 6 1 2
41 33 2 3 2 3
42 15 2 5 2 1
43 43 2 6 1 2
44 19 2 7 2 1
45 45 2 5 1 2
46 32 2 3 2 3
47 30 2 5 2 2
48 4 2 7 1 1
49 19 2 7 1 2
50 48 2 6 1 2
51 43 2 4 2 1
52 15 2 6 2 2
53 7 2 5 1 2
54 51 2 6 1 1
55 46 2 7 1 2
56 31 2 7 1 1
57 33 2 3 1 1
58 14 2 3 2 2
59 9 2 5 1 1
60 46 2 5 1 2
61 47 2 3 1 1
62 37 2 7 1 1
63 15 2 5 1 1
64 33 2 3 1 2
65 21 2 3 2 3
66 13 2 7 1 2
67 33 2 4 2 2
68 7 2 3 1 2
69 21 2 4 2 3
70 50 2 3 1 2
71 6 2 5 2 2
72 42 2 3 1 2
73 45 2 5 2 1
74 27 2 5 2 3
75 38 2 7 1 2
76 34 3 6 1 1
77 15 3 7 1 1
78 13 3 6 2 2
79 19 3 8 2 3
80 51 3 7 2 1
81 2 3 5 2 3
82 21 3 5 1 1
83 32 3 6 1 2
84 11 3 6 2 1
85 16 3 4 1 1
86 29 3 4 1 1
87 45 3 6 2 1
88 42 3 6 2 3
89 8 3 8 1 1
90 20 3 4 2 2
91 44 3 8 2 3
92 16 3 5 1 1
93 30 3 6 2 1
94 22 3 5 2 2
95 46 3 4 1 2
96 49 3 4 1 2
97 37 3 6 1 1
98 30 3 8 1 1
99 50 3 5 1 1
100 38 3 8 2 3
101 33 3 6 2 3
102 20 3 7 1 1
103 44 3 8 1 1
104 37 3 4 2 3
105 8 3 8 2 1
106 42 3 8 2 2
107 33 3 8 2 2
108 24 3 7 2 2
109 40 3 7 2 3
110 28 3 5 2 1
111 39 4 6 2 1
112 30 4 8 2 1
113 46 4 9 2 2
114 25 4 5 2 1
115 15 4 9 1 1
116 51 4 5 1 2
117 33 4 5 1 2
118 21 4 6 1 2
119 14 4 6 2 2
120 38 4 5 1 1
121 39 4 9 1 1
122 32 4 7 2 1
123 33 4 5 2 3
124 12 4 6 2 1
125 16 4 7 2 2
126 10 4 7 1 1
127 50 4 6 2 1
128 36 4 9 1 2
129 37 4 5 1 1
130 34 4 8 2 2
131 29 4 8 2 3
132 15 4 6 2 3
133 15 4 9 2 1
134 37 4 9 1 1
135 21 4 9 1 2
136 43 4 5 1 1
137 33 4 6 2 1
138 2 4 7 2 2
139 31 4 5 1 1
140 27 4 9 2 1
141 22 4 6 2 1
142 15 4 7 2 1
143 3 4 8 1 1
144 31 4 5 2 3
145 15 4 7 2 1
146 5 4 5 2 3
147 3 4 6 1 2
148 41 4 9 1 2
149 29 4 9 2 1
150 2 4 5 2 3

TECHNICIANS = 50
1 40 529 9 0 1
2 1 995 9 0 1
3 1 1280 7 0 1
4 1 1311 9 1 1
5 1 950 7 1 1
6 1 463 10 1 1
7 1 200 8 0 1
8 24 1142 8 0 1
9 52 1281 10 1 1
10 1 1420 10 1 1
11 20 1462 9 1 1
12 1 740 8 1 1
13 1 598 6 1 1
14 53 1250 8 1 1
15 1 1298 7 1 0
16 1 541 7 1 1
17 1 1461 7 1 1
18 32 360 10 1 1
19 1 282 9 1 0
20 1 580 7 1 0
21 20 1092 8 1 1
22 21 279 6 0 1
23 48 1430 5 1 0
24 40 429 10 1 1
25 1 175 7 1 1
26 36 669 8 1 1
27 44 388 10 1 1
28 1 541 9 1 0
29 36 463 10 0 1
30 1 238 5 1 1
31 1 1109 9 0 1
32 35 196 8 1 1
33 1 1483 10 0 1
34 45 1330 5 1 1
35 1 349 10 1 0
36 1 388 6 1 0
37 1 527 6 1 1
38 1 473 5 0 1
39 1 1168 7 0 1
40 47 796 9 1 1
41 1 349 5 0 1
42 15 1499 8 1 1
43 9 1269 7 0 1
44 1 842 8 1 1
45 1 1398 5 0 1
46 1 1333 6 1 1
47 1 166 8 0 1
48 34 904 8 1 1
49 1 905 8 1 1
50 54 284 8 1 1

