DAYS = 10
TRUCK_CAPACITY = 15
TRUCK_MAX_DISTANCE = 2000

TRUCK_DISTANCE_COST = 1000
TRUCK_DAY_COST = 100000
TRUCK_COST = 10000
TECHNICIAN_DISTANCE_COST = 100
TECHNICIAN_DAY_COST = 10000
TECHNICIAN_COST = 10

MACHINES = 2
1 3 222
2 3 891

LOCATIONS = 53
1 670 340
2 748 652
3 201 364
4 322 425
5 193 384
6 406 366
7 295 375
8 139 145
9 272 311
10 268 230
11 306 355
12 298 453
13 247 338
14 607 424
15 622 353
16 287 431
17 292 471
18 698 585
19 540 663
20 466 260
21 585 717
22 530 355
23 431 246
24 671 469
25 353 270
26 291 438
27 329 355
28 303 491
29 49 211
30 159 314
31 365 390
32 460 354
33 187 267
34 236 340
35 316 596
36 570 462
37 425 327
38 262 310
39 378 443
40 517 87
41 270 585
42 574 596
43 212 310
44 706 705
45 222 279
46 636 696
47 376 415
48 462 402
49 570 433
50 511 316
51 734 427
52 277 420
53 564 735

REQUESTS = 150
1 42 1 5 2 3
2 16 1 2 2 2
3 19 1 2 1 2
4 51 1 3 2 2
5 35 1 6 2 1
6 14 1 3 1 2
7 11 1 5 1 1
8 17 1 3 1 2
9 34 1 3 2 2
10 37 1 6 1 1
11 33 1 5 1 1
12 31 1 4 2 2
13 12 1 3 2 3
14 50 1 2 1 1
15 26 1 3 1 3
16 7 1 4 1 3
17 13 1 4 2 3
18 14 1 2 1 2
19 7 1 6 1 2
20 46 1 3 2 2
21 41 1 6 1 3
22 46 1 5 2 3
23 44 1 6 2 2
24 25 1 6 1 1
25 7 1 2 2 2
26 13 1 3 2 1
27 10 1 3 2 1
28 36 1 5 1 1
29 20 1 2 1 1
30 30 1 6 2 2
31 23 1 4 2 2
32 32 1 2 1 3
33 9 1 2 2 3
34 39 1 2 2 1
35 11 1 5 2 2
36 29 1 4 2 2
37 39 1 3 1 1
38 23 1 6 2 1
39 5 1 6 2 3
40 8 1 3 2 3
41 10 1 4 1 1
42 8 1 3 2 2
43 5 2 6 1 1
44 27 2 5 2 2
45 45 2 5 1 1
46 44 2 3 1 3
47 39 2 7 2 1
48 38 2 5 1 1
49 25 2 6 2 2
50 42 2 4 1 1
51 15 2 5 2 1
52 16 2 6 1 3
53 28 2 3 2 1
54 49 2 6 2 2
55 5 2 7 2 1
56 42 2 3 2 2
57 35 2 5 2 3
58 29 2 3 1 3
59 23 2 4 2 1
60 22 2 3 2 1
61 44 2 4 2 1
62 33 2 7 2 2
63 34 2 3 1 1
64 7 2 4 2 2
65 34 2 5 2 1
66 32 2 4 2 3
67 45 2 7 2 1
68 51 2 7 1 1
69 39 2 3 1 1
70 5 2 4 1 2
71 34 2 7 2 2
72 34 3 4 1 1
73 45 3 4 1 2
74 34 3 6 2 3
75 49 3 6 1 3
76 3 3 5 1 1
77 29 3 7 1 2
78 20 3 5 1 2
79 45 3 8 1 1
80 3 3 8 2 2
81 20 3 4 2 2
82 6 3 7 1 3
83 16 3 6 2 3
84 40 3 5 1 1
85 3 3 4 1 3
86 37 3 7 1 2
87 45 3 5 2 1
88 40 3 8 1 2
89 17 3 4 2 3
90 39 3 7 1 3
91 3 3 7 2 3
92 21 3 6 2 2
93 10 3 6 1 3
94 21 3 4 1 2
95 50 3 7 1 3
96 12 3 8 2 2
97 50 3 5 1 1
98 18 3 4 1 2
99 20 3 6 1 2
100 45 3 4 2 2
101 42 3 4 1 1
102 44 3 7 1 3
103 46 3 8 1 2
104 8 3 8 2 2
105 31 3 4 1 2
106 27 3 5 2 1
107 33 3 4 2 1
108 41 3 4 1 1
109 43 3 8 1 2
110 14 3 8 1 2
111 2 3 6 2 2
112 46 3 5 2 3
113 31 3 8 2 2
114 25 3 4 2 3
115 38 4 8 1 1
116 44 4 5 1 3
117 18 4 8 1 3
118 16 4 5 2 1
119 6 4 5 1 1
120 48 4 8 1 2
121 48 4 7 2 3
122 19 4 7 2 3
123 12 4 6 2 3
124 18 4 6 1 1
125 43 4 6 2 3
126 45 4 9 1 2
127 50 4 6 1 3
128 17 4 8 1 2
129 19 4 9 2 2
130 20 4 5 2 3
131 27 4 5 2 1
132 20 4 7 1 3
133 35 4 6 1 1
134 24 4 5 1 2
135 19 4 7 1 2
136 51 4 5 2 3
137 34 4 6 2 3
138 7 4 6 1 2
139 32 4 6 1 3
140 13 4 7 1 1
141 18 4 9 2 2
142 29 4 6 1 1
143 8 4 5 1 1
144 16 4 6 2 1
145 38 4 5 2 3
146 40 4 8 2 1
147 19 4 9 2 2
148 25 4 8 2 3
149 11 4 8 2 2
150 10 4 6 1 1

TECHNICIANS = 50
1 1 475 6 1 0
2 1 1265 8 1 0
3 1 671 6 1 0
4 1 218 9 1 0
5 39 1077 7 0 1
6 36 845 5 1 0
7 1 548 9 1 0
8 1 1231 8 1 0
9 1 1420 10 1 0
10 1 1226 7 0 1
11 52 298 9 0 1
12 1 753 8 1 0
13 1 1128 7 1 0
14 1 455 7 0 1
15 35 1444 9 0 1
16 1 290 7 1 0
17 13 866 10 0 1
18 1 515 10 0 1
19 45 171 8 1 0
20 6 1046 9 1 0
21 1 1347 6 1 0
22 1 973 6 0 1
23 1 332 5 1 0
24 24 852 7 1 0
25 33 421 5 0 1
26 1 1021 5 1 0
27 23 1079 8 0 1
28 16 652 9 0 1
29 1 450 9 1 0
30 53 650 6 1 0
31 1 930 7 1 0
32 20 334 9 1 0
33 23 1490 8 0 1
34 1 853 8 0 1
35 1 407 6 0 1
36 1 623 8 0 1
37 1 908 10 1 0
38 1 1452 10 0 1
39 1 1227 7 0 1
40 5 1469 5 0 1
41 1 915 6 0 1
42 1 1155 5 1 0
43 1 670 10 0 1
44 1 242 6 1 0
45 24 343 6 1 0
46 5 896 9 0 1
47 9 1139 8 0 1
48 34 351 8 0 1
49 1 1132 5 0 1
50 15 173 5 0 1

